2595845.6124690627 1091688.4746431208
2595839.068354946 1091704.505755219
2595831.87346926 1091722.1311884078
2595828.16833112 1091731.2076084984
2595812.627010051 1091769.2792121903
2595809.940764524 1091791.5789018592
2595809.26247928 1091797.2095750007
2595806.1330087534 1091823.18931247
2595801.5419854946 1091861.3015075345
2595800.396679276 1091870.8097310355
2595799.2815679437 1091880.067051284
2595796.8519789893 1091900.2358132708
2595795.8749442906 1091908.346718629
2595790.2732178266 1091918.7504574056
2595789.4174443395 1091920.339878603
2595785.6043624645 1091927.4216730737
2595784.757388704 1091928.994694051
2595784.755788779 1091928.9988941129
2595784.274603662 1091929.8914060188
2595782.686709982 1091932.8405133348
2595781.2588193025 1091935.4923122344
2595781.058834618 1091935.86381208
2595780.9575363523 1091935.920412103
2595733.8580434187 1091962.2411211515
2595732.753057993 1091964.9481198122
2595726.0531872846 1091969.0087208594
2595713.1821356644 1091976.8095228802
2595695.169983253 1091987.726125709
2595683.132215552 1091995.0219276063
2595679.460586406 1091997.2472281763
2595671.5392015358 1092003.408528412
2595670.6111267367 1092004.1303284394
2595666.3824415808 1092007.419428561
2595659.488728797 1092012.7813287638
2595650.0002864823 1092020.1614290448
2595641.361521088 1092026.8806292962
2595612.442260812 1092057.1156244036
2595594.796656229 1092075.5640214155
2595587.4277302856 1092100.3891074497
2595573.004332571 1092148.9801801231
2595570.8617448597 1092156.198276069
2595570.26273217 1092158.2162749327
2595556.997065729 1092202.9074497994
2595554.585717188 1092211.0309452277
2595554.403868387 1092212.1830444806
2595552.8387090187 1092222.0986380754
2595552.41552816 1092224.7796363386
2595548.23750435 1092251.247619217
2595571.5237167706 1092308.3976626468
2595574.660421743 1092318.8516529778
2595569.174677648 1092329.82404816
2595580.289160686 1092371.099110762
2595592.521221872 1092374.5491007683
2595605.8304648744 1092392.696679218
2595607.635692778 1092395.158076294
2595607.945214709 1092395.5801757907
2595607.995118245 1092395.6481757115
2595610.437591308 1092398.9786717542
2595610.384801004 1092399.2002716167
2595608.7182073877 1092406.2015674356
2595608.1736075045 1092408.489366067
2595608.0546293724 1092408.9890657682
2595607.0430860026 1092410.412865323
2595604.9902009163 1092413.302164428
2595604.8814070085 1092413.4553643796
2595597.754305976 1092423.486661263
2595596.960935246 1092433.0116546615
2595602.1193204643 1092433.9219508558
2595597.142435369 1092454.828738354
2595585.0556609877 1092457.6179436175
2595589.0268196845 1092508.4180034862
2595595.516039799 1092496.736508216
2595598.1548581426 1092518.4983904576
2595601.168120974 1092543.347970173
2595610.877402344 1092587.0305318434
2595600.9378705914 1092610.018120804
2595598.729018046 1092613.6471194483
2595591.01903274 1092626.3143147249
2595590.329778749 1092627.4467142995
2595589.826012384 1092628.2744139947
2595579.507697568 1092638.593212593
2595580.379616107 1092645.391807016
2595581.647879444 1092655.2807989083
2595574.556371412 1092667.3372942582
2595577.922327696 1092685.424478785
2595565.6858156305 1092691.787581489
2595550.3766990667 1092742.31495326
2595560.9628011426 1092801.5817028184
2595575.701379557 1092824.6088767725
2595581.851571288 1092834.2176659002
2595583.119372656 1092836.198463663
2595583.2085033017 1092836.8515631212
2595583.6509555043 1092840.095260442
2595585.073644886 1092850.5247518364
2595582.022198744 1092874.1122361757
2595581.5102755325 1092878.0691335455
2595581.300747897 1092879.6888324695
2595579.2096701064 1092895.853221736
2595576.3454593103 1092917.9936070335
2595579.520849428 1092925.93109921
2595605.6872018264 1092961.575456862
2595611.9622460594 1092970.1234466983
2595616.46846507 1092976.26193941
2595618.7474264028 1092979.366335716
2595623.7498805383 1092986.1807276246
2595624.384035485 1092996.0033199391
2595624.390239909 1092996.098819864
2595624.5643648542 1092998.796517759
2595626.590618501 1093030.181893221
2595611.035415639 1093052.651785975
2595609.1364251617 1093055.3948850944
2595590.466101969 1093082.3647763976
2595588.4927157806 1093085.2153754805
2595588.925929737 1093105.1034604502
2595589.097190974 1093112.9641545082
2595589.4771924745 1093130.4051413245
2595589.9480253696 1093152.0449453625
2595590.220055419 1093164.551393681
2595590.612242909 1093182.5815750156
2595591.560153537 1093185.3198331587
2595595.849601628 1093197.7111437444
2595600.6552555067 1093211.5939315422
2595606.802324428 1093229.351860101
2595609.662456496 1093237.6142338046
2595609.8696574625 1093238.0878261449
2595615.6787846307 1093251.365711382
2595615.8880856107 1093251.8442036374
2595616.8236899823 1093253.9825690517
2595617.3729925505 1093255.2380487449
2595617.003265104 1093261.2480807304
2595616.960473502 1093261.9439728495
2595616.396284199 1093271.1139690732
2595616.344294406 1093271.9593595038
2595614.794698427 1093297.1438744804
2595613.720209243 1093314.6071768382
2595617.209490519 1093319.3489863705
2595622.041464595 1093325.915361095
2595621.6411929885 1093327.7935426063
2595617.340298085 1093347.976143972
2595603.945248307 1093410.8339253091
2595597.727489377 1093440.0111381528
2595596.665364722 1093444.995089095
2595590.07163247 1093475.937084555
2595588.033306738 1093479.0119677526
2595571.228419049 1093504.3624292386
2595558.4274854665 1093523.6728237213
2595550.6236698097 1093535.4450594003
2595539.1503878576 1093552.7528648232
2595533.026410991 1093561.9909143485
2595529.913777741 1093562.3800400048
2595511.860164901 1093564.6368888372
2595494.938789089 1093535.4949007984
2595494.025290394 1093533.921628437
2595493.748290792 1093533.4446368157
2595491.878693463 1093530.224793377
2595490.794995014 1093528.3584261711
2595488.047698939 1093523.6271092887
2595484.405287261 1093515.795938066
2595483.159683268 1093513.117982098
2595478.236867492 1093502.5342561365
2595477.987966692 1093501.9989649374
2595477.384064757 1093500.7006862825
2595466.142928719 1093476.5326836817
2595461.589214123 1093466.7425446708
2595417.479308949 1093476.7680545407
2595407.1982408203 1093479.1048267614
2595403.382026891 1093479.9721535696
2595400.840502642 1093482.250751154
2595379.359242905 1093501.510430731
2595375.862847117 1093504.6452274062
2595371.0458906894 1093508.964022832
2595370.119418302 1093509.794621946
2595365.0185703333 1093514.3680170935
2595354.5829017744 1093525.606784746
2595346.710151813 1093534.0853603403
2595330.6237627147 1093551.409610472
2595342.306233709 1093570.3933705485
2595347.153521675 1093578.2701295023
2595361.173586868 1093601.0525215606
2595362.3736838843 1093603.0025866448
2595360.65934041 1093614.2692690731
2595358.4630409367 1093628.7032184475
2595354.5813953434 1093654.213652235
2595353.676677945 1093660.1594901884
2595353.1141293067 1093663.8562516188
2595352.47445503 1093665.0441436896
2595351.456395971 1093666.9349310622
2595349.731065354 1093670.1392096768
2595349.665168003 1093670.261708856
2595345.0420539216 1093678.8477515385
2595319.864766416 1093725.6071394023
2595316.073918863 1093732.6475923983
2595317.7292915843 1093733.1993697118
2595314.6222837144 1093735.9409672825
2595320.146922017 1093740.4906592965
2595327.6244385163 1093746.6486131349
2595329.206920844 1093747.9517821998
2595329.8823133013 1093748.507969003
2595337.111632571 1093754.461427692
2595370.031450207 1093752.524630353
2595375.687906028 1093758.9350989084
2595369.8785913265 1093783.722460085
2595369.3784245006 1093785.8566395212
2595368.33889345 1093790.2923967787
2595368.25839879 1093790.6358934643
2595368.031413846 1093791.6043841336
2595367.987616749 1093791.7910823305
2595367.9443196147 1093791.9755805633
2595367.939819918 1093791.9949803734
2595367.93662013 1093792.0088802446
2595367.934120297 1093792.0193801364
2595367.837426708 1093792.431876167
2595367.7909297906 1093792.6302742565
2595367.697136012 1093793.0302704012
2595366.3478255062 1093798.7880149214
2595366.3445256185 1093798.7922149017
2595364.464089259 1093801.1789047609
2595360.885710368 1093805.7208854724
2595358.826480058 1093808.3345743653
2595356.9287442868 1093810.7433641397
2595355.435294829 1093812.6389560832
2595350.617357889 1093818.7542301042
2595346.819486424 1093823.5748096234
2595342.3437379026 1093829.2556854987
2595339.934619434 1093832.313472508
2595334.3000101303 1093839.4653421268
2595331.949789672 1093842.4484294497
2595332.8864870947 1093843.9472024797
2595330.3054599245 1093845.8831045297
2595327.883283748 1093852.8195454497
2595326.986929574 1093855.386523581
2595326.3976596976 1093857.0742092042
2595316.9153444446 1093884.229177912
2595316.8447480546 1093884.431376194
2595316.835148547 1093884.4588759537
2595316.7959505483 1093884.570975006
2595316.5047654323 1093885.4047679026
2595316.1522834552 1093886.4144593007
2595316.0575882965 1093886.6857569872
2595316.0175903398 1093886.8000560158
2595315.924695091 1093887.0663537493
2595315.8969965056 1093887.1455530718
2595315.8641981813 1093887.2393522763
2595315.858098493 1093887.256752133
2595315.7953017023 1093887.4366505947
2595315.7859021854 1093887.4636503635
2595315.7715029176 1093887.5047500145
2595315.5852124435 1093888.0382454656
2595315.4455195824 1093888.438342061
2595315.3493245034 1093888.713839718
2595315.089937761 1093889.4566333871
2595314.702757556 1093890.565423945
2595306.104533 1093890.814704665
2595291.342634211 1093891.2427432456
2595291.2248366177 1093891.2462443465
2595290.316955141 1093891.2725528732
2595290.002461557 1093891.281555823
2595289.727067179 1093891.2896584063
2595288.786886362 1093891.316867236
2595288.507192069 1093891.324969865
2595287.6870088046 1093891.3487775584
2595287.476710842 1093891.1470820107
2595287.4349112487 1093891.1070829
2595287.3703118768 1093891.0450842597
2595286.708418295 1093890.4103982702
2595286.559919736 1093890.2680014097
2595286.2499227454 1093889.9708079672
2595284.9714351417 1093888.7446350218
2595284.936135489 1093888.7109357703
2595283.95344502 1093887.7686565632
2595283.5393490377 1093887.3715653247
2595278.851994505 1093882.8769645074
2595278.0084026908 1093882.068082361
2595272.1318596937 1093876.4330066994
2595269.221217825 1093867.172345385
2595266.593480021 1093858.811470596
2595265.588465566 1093855.6139184812
2595265.1325590024 1093854.1630402026
2595265.080158249 1093853.9964426986
2595264.7392533477 1093852.9116589478
2595264.682952535 1093852.7325616323
2595264.629751772 1093852.5634641608
2595264.3863482703 1093851.7889757573
2595264.2335460708 1093851.302783042
2595262.974727961 1093847.2974430225
2595262.3656192 1093845.3594720438
2595262.365576554 1093841.4237189454
2595262.3655739278 1093841.1813218272
2595262.365572604 1093841.0591232812
2595262.3655696814 1093840.7894264995
2595262.3655687147 1093840.700227562
2595262.3655682025 1093840.652928125
2595262.365567932 1093840.6279284265
2595262.36556776 1093840.6121286158
2595262.365565328 1093840.3876312918
2595262.3655281137 1093836.9531722164
2595262.36514617 1093801.7036922646
2595261.850720275 1093798.3599371144
2595261.6963125 1093797.3562505825
2595261.2381894425 1093794.3787905152
2595260.97047597 1093792.639213851
2595260.772265992 1093791.3507311386
2595260.6412593974 1093790.499342553
2595260.39734712 1093788.91416382
2595260.282441338 1093788.1671738364
2595260.154834912 1093787.3377849662
2595259.937123952 1093785.9224039514
2595259.866920416 1093785.4658100775
2595259.719212981 1093784.505922947
2595259.616416368 1093784.6279224989
2595259.4289225466 1093784.8505216716
2595259.287227218 1093785.0188210465
2595256.483019638 1093788.3490086545
2595256.453920599 1093788.383508531
2595255.947937275 1093788.9844062908
2595254.564582867 1093790.6272001788
2595253.290124869 1093792.1405945476
2595252.5507492386 1093793.0186912825
2595252.313057071 1093793.3008902334
2595252.012566977 1093793.6577889062
2595251.0942972424 1093794.748184852
2595250.4099198 1093795.5609818257
2595249.971334253 1093796.0816798874
2595249.853838122 1093796.2211793708
2595249.8338387827 1093796.2450792766
2595249.455451255 1093796.6943776135
2595249.071563905 1093797.1501759123
2595249.0392649705 1093797.1885757693
2595248.324588528 1093798.0373726117
2595248.116295392 1093798.2847716925
2595244.077328511 1093803.0812538508
2595242.669049867 1093802.441175181
2595242.2002569754 1093802.228082283
2595240.8001848552 1093802.205196184
2595240.7072867053 1093802.203697106
2595237.938741837 1093802.1583245946
2595237.9146423186 1093802.157924838
2595237.8673432567 1093802.157125304
2595237.5082504083 1093802.1512288682
2595237.343153695 1093802.148530508
2595235.8485834585 1093802.124045347
2595226.280273991 1093801.967240346
2595221.4911693563 1093801.888787892
2595193.7824211214 1093801.4348629983
2595127.902310293 1093798.260542053
2595129.5974827725 1093808.092408394
2595129.801891509 1093809.277692275
2595129.471700291 1093809.475793136
2595125.2257131995 1093812.023404101
2595119.852656081 1093815.2473179842
2595111.7100726063 1093820.1330390137
2595096.9468042264 1093814.1356541766
2595090.042277157 1093835.7507638135
2595089.1912231245 1093838.4152403425
2595089.0355315343 1093838.9025360504
2595088.303671061 1093841.1937158688
2595087.148110556 1093842.6960092145
2595081.910566369 1093847.3644045666
2595081.650274109 1093847.5964043296
2595077.1922067306 1093851.5700003733
2595070.297411842 1093857.7154942527
2595053.292017732 1093872.8729791471
2595050.797821896 1093877.8615439762
2595050.131349732 1093879.1946345826
2595049.833362177 1093879.7907303723
2595049.681868504 1093880.0938282388
2595048.204030222 1093883.049507403
2595048.095134774 1093883.2676058628
2595047.418163044 1093884.6214963195
2595047.374664862 1093884.708495705
2595047.346466037 1093884.7647953085
2595046.98488114 1093885.4880902092
2595046.9821812348 1093885.491990192
2595046.9533824543 1093885.5510897676
2595046.181514691 1093887.0948788826
2595046.178514814 1093887.1008788417
2595045.0535617946 1093889.3508629792
2595045.050361929 1093889.357162928
2595044.0754026435 1093891.3070491862
2595043.95790755 1093891.54194753
2595043.3902312587 1093892.6773395257
2595043.2230382287 1093893.0108371812
2595042.7410583687 1093893.97563038
2595041.895693672 1093895.6664184602
2595041.5674073827 1093896.3230138295
2595041.508409847 1093896.441112991
2595041.463711713 1093896.5305123606
2595041.238321125 1093896.9812091822
2595041.0520289065 1093897.3538065618
2595040.742838901 1093897.7029054083
2595038.8243009173 1093899.86909827
2595037.986527998 1093900.814995149
2595030.8601583536 1093908.8610686343
2595028.8699283777 1093911.6332549737
2595027.5049764025 1093913.534445607
2595027.376480923 1093913.7133447188
2595027.2084868336 1093913.9474435635
2595026.631807124 1093914.750639611
2595026.330117734 1093915.170837534
2595025.4218496927 1093916.435931306
2595025.249555755 1093916.6759301163
2595017.2520371354 1093927.815675218
2595015.4756996334 1093930.289863024
2595012.9001902468 1093933.8772453426
2595012.83419257 1093933.9692448871
2595007.3678848958 1093941.583307361
2594999.307668482 1093952.8103520237
2594994.59103443 1093959.3802196456
2594993.81966157 1093960.454714354
2594989.653480706 1093972.9538059598
2594981.66560086 1093996.9183981412
2594981.3672165545 1093997.8135903734
2594981.1677270504 1093998.412185186
2594980.5911573768 1094000.141970185
2594975.087102149 1094012.526476175
2594974.7317179544 1094013.3261701071
2594964.507972622 1094036.330395487
2594961.867666356 1094040.085476444
2594960.071730115 1094042.6398634878
2594947.72716837 1094060.1971744196
2594968.318241544 1094086.671058534
2594970.009587724 1094094.0686539144
2594970.1795879947 1094094.4091482065
2594970.29458818 1094094.6392443434
2594972.145791104 1094098.3414822088
2594973.1289926567 1094100.3078492056
2594973.506093256 1094101.0621365462
2594974.1197942235 1094102.2894159523
2594976.0724973087 1094106.194750408
2594970.4527972066 1094114.2232094363
2594968.942350936 1094116.381098426
2594968.544865074 1094116.9489955243
2594968.494166876 1094117.0213951515
2594966.556835788 1094119.788981032
2594966.1532501443 1094120.3655780896
2594965.670867302 1094121.0546745732
2594965.1927843057 1094121.737671089
2594965.0432896265 1094121.9512699994
2594964.34141459 1094122.9538648776
2594964.027725747 1094123.4020625895
2594963.930629202 1094123.54066188
2594963.926629344 1094123.5463618543
2594956.780583534 1094133.7554097546
2594942.990397945 1094137.2031028983
2594937.4412780567 1094134.3079914043
2594937.387778828 1094134.2799922614
2594937.329979664 1094134.24989318
2594937.1915816627 1094134.1776953926
2594936.9523851154 1094134.0527992062
2594936.551990895 1094133.844005595
2594936.2816947973 1094133.7030099002
2594935.249709699 1094133.1646263609
2594935.033212825 1094133.0516298132
2594934.705217559 1094132.880535045
2594934.2625239515 1094132.649542109
2594931.8638585787 1094131.3980803692
2594928.245910816 1094129.5105380756
2594924.709561869 1094127.6654944832
2594922.5099233943 1094129.2652968257
2594919.1465174747 1094131.7115004188
2594918.609032511 1094132.1024009867
2594918.3555396018 1094132.286801257
2594918.3526396826 1094132.2889012597
2594918.331840262 1094132.3040012778
2594918.320240587 1094132.3124012945
2594918.050448133 1094132.5086015845
2594918.047948201 1094132.510401588
2594917.952850861 1094132.579601688
2594917.5123631847 1094132.9000021585
2594917.1773725534 1094133.1436025165
2594916.1201021294 1094133.9126036416
2594907.247550305 1094140.3655131075
2594905.2172964253 1094140.8577269989
2594902.384860772 1094141.5444463869
2594902.04206856 1094141.627548732
2594900.2939082747 1094142.0513606968
2594899.7198213143 1094142.1905646264
2594899.590724248 1094142.2218655122
2594899.446127534 1094142.256966499
2594898.139557213 1094142.5735754457
2594897.4618726107 1094142.737880082
2594894.200146706 1094143.5286024034
2594892.629082397 1094143.9095131557
2594892.6145827267 1094143.9130132557
2594885.5427433834 1094145.627461658
2594885.407546454 1094145.6602625884
2594885.1634519985 1094145.719464255
2594881.9917240543 1094146.488385963
2594881.0543453475 1094146.7156923837
2594877.199855525 1094149.7368938937
2594874.3221377777 1094151.9923950238
2594869.8659651536 1094155.4851967797
2594856.240975796 1094158.891588802
2594827.6437924206 1094181.233800908
2594824.729575641 1094183.5106021434
2594824.62457864 1094183.5927021855
2594821.182376935 1094186.281903644
2594820.553789085 1094186.2378102872
2594813.366528019 1094185.7334862505
2594808.559720934 1094185.3962370574
2594791.666047494 1094184.2108156148
2594791.255355432 1094184.1820199464
2594790.736565459 1094184.1456254409
2594788.9813993885 1094184.0224439902
2594787.560432623 1094184.4549526628
2594786.30435036 1094183.7628731355
2594766.351080235 1094186.4397354445
2594761.4720853507 1094187.0942751395
2594760.2777997223 1094186.2061973433
2594759.5158088896 1094185.6396115094
2594744.532089195 1094174.4979901174
2594736.594464843 1094148.3045795094
2594717.645191748 1094152.5684131305
2594712.782068029 1094122.905113945
2594704.0507424204 1094095.1242299748
2594694.525713373 1094084.0118551068
2594686.588020217 1094051.4685201542
2594670.66014022 1094051.4686751843
2594668.480756756 1094048.9540263629
2594662.378102464 1094014.1707002532
2594662.775534187 1094008.6066626878
2594655.631628294 1093985.5882065117
2594639.7572138435 1094010.1943678071
2594639.7572196308 1094010.728461447
2594639.2849291186 1094010.7284660437
2594636.6150770155 1094028.656078396
2594636.0219953577 1094029.249177103
2594634.273183897 1094034.1778353974
2594629.0195498834 1094048.9842100926
2594625.8081124723 1094058.0350334907
2594618.841565183 1094077.6689673446
2594587.393367788 1094074.973705555
2594577.3433603654 1094074.112413634
2594572.52365272 1094073.6993654673
2594547.816459866 1094065.4638040848
2594511.445259216 1094053.3404025591
2594509.024599107 1094052.5335357348
2594473.3265100955 1094031.4396498017
2594462.457324364 1094025.0171611733
2594408.594374972 1094020.7648970268
2594403.221227132 1094022.8956987064
2594355.3734645126 1094034.723218973
2594350.463778613 1094035.9369210512
2594334.468424539 1094039.8908278225
2594332.902729036 1094040.2778284913
2594332.5775299664 1094040.358228627
2594318.2504937546 1094040.0250375748
2594302.778945225 1094044.0034440127
2594269.088557304 1094052.6667580293
2594263.36587634 1094054.1382604092
2594261.373282972 1094054.65066124
2594260.5472583515 1094054.2651620223
2594246.44833818 1094047.6859754696
2594229.622236722 1094039.8339915203
2594226.9348442783 1094042.679591036
2594197.108038021 1094074.262185688
2594193.6402768083 1094077.9340850627
2594192.938404342 1094080.849883325
2594186.558523516 1094078.0760892625
2594165.239119267 1094068.8071090889
2594152.3964795577 1094085.6021044108
2594146.04620796 1094080.8396117978
2594155.5712578674 1094067.0642162522
2594156.936679011 1094065.0895168858
2594170.765280368 1094045.0900233453
2594192.7354115336 1094013.3160336036
2594138.6025368413 1093993.2673813505
2594087.801814167 1093989.0340153354
2594051.818401008 1093995.384032461
2594015.834987849 1094001.73414959
2593996.785986487 1094029.2508407228
2593965.037268546 1094063.117534847
2593952.3384176795 1094092.750920548
2593956.6431480427 1094101.3594115458
2593967.156599139 1094122.3842895515
2593969.2594831283 1094126.0161855766
2593978.831120602 1094142.5475674924
2593985.469468751 1094138.005466831
2593993.045995444 1094132.821466079
2594004.953485901 1094156.633941172
2594006.4448943795 1094184.946319243
2594007.6016092105 1094206.9049022377
2593996.195754261 1094214.362703614
2593996.794705953 1094219.7510992514
2593992.7190284715 1094245.027582959
2593990.330286368 1094259.8418734055
2593990.306292976 1094259.9906733104
2593988.4356081854 1094271.5919658316
2593986.2143199667 1094285.3678569533
2593987.967548741 1094290.042652419
2593998.3444613726 1094279.6653538232
2594011.3079755334 1094281.953044252
2594013.0287039573 1094282.256642984
2594020.834432912 1094283.634137219
2594024.1621787827 1094294.9464268014
2594027.450118139 1094306.1237165069
2594016.3503889465 1094303.1638254423
2594007.605908388 1094300.832032481
2593992.885890494 1094303.1563396908
2594015.9630016666 1094364.6872799871
2594013.7354182545 1094376.3845726475
2594024.5650661583 1094401.6509473154
2594051.8349679937 1094357.3345636728
2594053.796442906 1094358.6094615366
2594059.9592782827 1094362.6151548196
2594082.662284796 1094377.3716147467
2594094.169034663 1094384.850913627
2594085.3303468227 1094388.0427616192
2594057.693810197 1094398.023011682
2594036.968879477 1094430.5917253047
2594039.1371907336 1094435.6509439142
2594068.674197363 1094463.3415264515
2594069.788120249 1094467.5187658356
2594101.5376253817 1094471.487109518
2594118.7351512043 1094468.8411736605
2594147.635787064 1094461.133984208
2594155.552371126 1094492.7992298177
2594156.5374025693 1094497.527163892
2594158.071251525 1094504.8892612313
2594166.136108941 1094543.5986214632
2594179.206873805 1094555.362154066
2594179.7952677254 1094555.8917420248
2594208.469071279 1094581.697855421
2594286.7623377177 1094576.1046600293
2594291.169245767 1094575.789820885
2594291.311342801 1094575.779719624
2594294.723271613 1094575.5359893194
2594297.3674164447 1094575.3470658327
2594316.4172172043 1094592.2799786404
2594312.7954510166 1094597.9140467548
2594309.2704812507 1094603.397415723
2594301.1703805216 1094615.998044409
2594299.360247401 1094618.8139284695
2594249.846789781 1094641.6671380694
2594243.0890593445 1094644.786166674
2594245.9528690404 1094650.9907648666
2594246.3860705104 1094651.9294494654
2594246.5577710937 1094652.3015433615
2594247.12687302 1094653.5345231302
2594251.026586223 1094661.9837844905
2594251.768672161 1094662.0618763317
2594252.6604552628 1094662.155766541
2594258.9490360934 1094662.8176974396
2594265.07112008 1094663.4620301742
2594276.1615099157 1094664.6293083224
2594297.315570128 1094663.2643186916
2594302.672607648 1094667.430816895
2594305.8921700986 1094669.9349557224
2594314.8745986456 1094679.9950484154
2594325.933510675 1094692.3808931834
2594326.621505203 1094693.1513773038
2594331.2644682704 1094698.3515701478
2594333.0463540955 1094700.347229019
2594340.4016890866 1094698.7567763806
2594345.922565236 1094697.5630368746
2594359.26896583 1094694.6771413558
2594407.426491973 1094703.3203696343
2594410.627633887 1094703.894931629
2594413.783376623 1094704.4612941616
2594414.622877992 1094715.373255966
2594415.3500657976 1094724.824936256
2594415.444677225 1094726.0546206797
2594415.6394007364 1094728.585588628
2594415.9003322474 1094731.9776456645
2594442.6676685014 1094748.037893752
2594444.2729466856 1094749.00106665
2594447.6499007954 1094751.0272096395
2594457.408791251 1094759.0117195074
2594466.0590941506 1094766.0890509782
2594470.9330394417 1094770.07675602
2594492.9773149285 1094771.7722212558
2594500.5007700487 1094772.3508411318
2594503.194118182 1094772.5580124466
2594504.5967911733 1094772.6658975063
2594513.176525949 1094773.3258061304
2594525.965379675 1094774.3094699343
2594530.9633912942 1094775.4201080538
2594551.99391942 1094780.093447671
2594559.714082906 1094781.8089520866
2594560.913761694 1094782.075537233
2594561.2700610985 1094782.681226553
2594562.026259832 1094783.9667038687
2594568.11904966 1094794.3244211464
2594570.3983458537 1094798.199152784
2594572.531542287 1094801.8254888095
2594573.2261324394 1094802.204377533
2594576.507885905 1094803.9944242614
2594591.860968192 1094812.3686750347
2594598.657771812 1094816.0759647046
2594602.3007201524 1094818.063005566
2594612.62937369 1094823.696737907
2594616.52991838 1094825.824274589
2594624.176409952 1094829.9950504603
2594625.3075939114 1094830.612032096
2594626.5011769845 1094831.2630127186
2594635.5336489026 1094836.1897661006
2594644.6059202547 1094841.1382188282
2594655.579264648 1094847.1235406983
2594655.929159685 1094847.3143350189
2594656.542450988 1094847.6488250624
2594658.0367297987 1094848.4639008036
2594662.921460535 1094851.1283215154
2594662.948260154 1094851.1429210794
2594668.8606763114 1094854.3678250988
2594688.946791487 1094865.3236990469
2594716.7527441974 1094875.5996059603
2594786.312125253 1094901.3057225926
2594795.5970566776 1094902.963712464
2594801.9669410284 1094904.1011369098
2594815.263699614 1094906.4753791958
2594819.281626669 1094907.192831543
2594832.894979506 1094909.6236700723
2594834.6564475256 1094909.938149178
2594845.577849238 1094911.8883196425
2594849.235203106 1094905.1829639447
2594851.648406683 1094900.7585931823
2594858.277341814 1094888.605173482
2594864.0175109394 1094887.1700347178
2594896.540442997 1094885.8285341472
2594903.9453980634 1094895.4112478814
2594910.096260738 1094903.3710931605
2594918.727608363 1094914.540976047
2594928.126451332 1094926.7040396268
2594928.2334489403 1094926.6819388485
2594926.305707925 1094928.5512353338
2594946.9428105163 1094930.1385155576
2594957.2034019693 1094920.687828305
2594960.601226088 1094919.9848036105
2594969.961139461 1094929.3446009746
2594992.600306216 1094912.8792768302
2595023.89315422 1094901.499607849
2595030.1750032576 1094899.2151739316
2595034.2012065067 1094897.751052187
2595034.25340376 1094897.5942535542
2595051.7156013283 1094892.8316403416
2595052.6831930717 1094893.8637186273
2595063.621699737 1094905.531373119
2595063.893325908 1094908.4502356958
2595069.580336864 1094910.7767526207
2595069.281809168 1094916.8963825975
2595069.1780343186 1094919.0249582487
2595073.9850324444 1094927.7647073136
2595077.909330916 1094934.8996840974
2595084.212431601 1094937.4209926988
2595085.360513512 1094937.8801760543
2595085.4042164264 1094938.2300714576
2595085.821644221 1094941.5692276056
2595088.9906552336 1094966.918794688
2595131.399103219 1094966.9183819194
2595135.5565196965 1094966.9183414553
2595151.1442455063 1094970.5153468712
2595190.588951669 1094979.6176544856
2595210.6411966565 1094974.8049166584
2595224.703877559 1094971.4297200013
2595229.172776154 1094970.3570892878
2595243.5045509483 1094966.9172907807
2595273.137584954 1094988.0834501318
2595314.09644001 1094976.8191857063
2595322.408648245 1094974.533232038
2595329.6844803886 1094972.5322850624
2595329.9431744195 1094972.4611833922
2595357.8024316938 1094964.7995035346
2595366.855225292 1094962.5361423937
2595424.41251301 1094948.1461536477
2595425.534387432 1094947.8656460713
2595433.134822624 1094946.7478854128
2595436.7003453057 1094946.2235569567
2595439.7328795474 1094945.7775327545
2595455.799631153 1094943.414604529
2595463.9913535225 1094942.2098391547
2595497.499626927 1094937.2817717344
2595528.499158565 1094923.848130088
2595560.99815304 1094909.7647815926
2595566.266879715 1094903.5379045112
2595568.365136021 1094903.3955857912
2595569.598810329 1094903.3119747755
2595569.966206508 1094903.6406672804
2595582.628374879 1094914.9698090334
2595585.25614756 1094917.3209554416
2595585.9792400426 1094917.967940695
2595593.897657725 1094925.052779195
2595607.5643156543 1094937.2807004657
2595614.043185489 1094937.2806374044
2595636.054643264 1094937.280423166
2595637.101722228 1094937.2804129766
2595644.7666682345 1094937.2803383665
2595649.4262746186 1094937.2802930195
2595655.797446619 1094937.2802310016
2595658.451493298 1094937.2802051734
2595669.17917777 1094937.2801007638
2595673.179797396 1094937.280061816
2595674.7484658803 1094937.280046553
2595682.331913524 1094937.279972742
2595683.1679967274 1094937.279964605
2595692.5947073377 1094937.2798728494
2595695.701344922 1094937.2798426172
2595696.3702314813 1094937.279736105
2595711.062036314 1094937.279693112
2595711.3511305084 1094937.2796902957
2595718.5588856987 1094937.2796201413
2595728.3760884656 1094937.2795245936
2595730.328749236 1094937.279505584
2595733.0150812496 1094935.985994852
2595740.3129965533 1094932.4720656904
2595745.4586663293 1094929.99444513
2595759.6911061355 1094923.141588266
2595761.592858005 1094922.2258806638
2595764.1531932103 1094920.9930704357
2595765.4192611654 1094920.3834653746
2595769.9990452616 1094918.17834708
2595776.6397772 1094914.9808205443
2595787.477402924 1094909.7625772392
2595792.7964445977 1094905.013282067
2595804.5169957285 1094894.548292692
2595813.302834214 1094886.7036006546
2595814.16840845 1094885.9307014423
2595815.476069528 1094884.763102627
2595818.8362695104 1094881.7628056726
2595821.7338832626 1094879.175608299
2595828.24038959 1094873.3660141998
2595837.407616724 1094865.1807225116
2595846.742438866 1094856.8458309711
2595854.0327990395 1094848.2297626869
2595875.612675652 1094849.167841471
2595872.431814219 1094828.3718202373
2595872.257705379 1094827.2332355033
2595872.12559867 1094826.3692470824
2595873.046066126 1094825.072253586
2595873.308856835 1094824.7019554365
2595916.5901264325 1094763.7127609304
2595950.455787343 1094721.3795357652
2595988.554769619 1094698.0960423944
2596015.944607708 1094669.3359185178
2596030.8869374995 1094653.64606004
2596041.513180146 1094649.5978048583
2596066.8793658107 1094639.9340731169
2596075.335861008 1094636.7124292038
2596080.02066012 1094636.087791047
2596099.357343695 1094633.5093335682
2596101.014608004 1094633.2883200664
2596106.851182311 1094632.510072528
2596107.0852772724 1094632.4788706216
2596160.0007160087 1094604.9619834838
2596163.159721049 1094602.0555873774
2596167.4973906605 1094598.0647927113
2596191.421371514 1094576.0541221355
2596212.915925395 1094556.2785485822
2596233.8473536624 1094542.3238111385
2596255.3871653117 1094527.963572606
2596261.294503958 1094524.025262033
2596265.389392107 1094521.2952547118
2596276.4142909646 1094513.9450349957
2596282.9744951907 1094508.0407415014
2596297.5803593085 1094494.8950559823
2596297.1839387706 1094492.2646911847
2596296.602208625 1094488.4041428547
2596296.479302256 1094487.588253769
2596304.8692645244 1094481.2044481777
2596313.259226792 1094474.820542593
2596313.5292191408 1094474.615042416
2596335.0458094627 1094458.243328079
2596375.894851989 1094427.161600861
2596384.452116745 1094421.3174872124
2596399.237010299 1094411.2201636364
2596462.6759663136 1094367.894662446
2596481.354572982 1094356.9985104834
2596494.9960126914 1094349.0407725389
2596513.4747246373 1094338.2611211326
2596515.156853088 1094334.7765462818
2596524.154052328 1094332.9308807068
2596526.697695572 1094332.4090621637
2596530.43901209 1094331.6415348924
2596535.201141192 1094306.2417912208
2596535.939800097 1094303.818812898
2596537.48361421 1094298.7547582225
2596559.806645827 1094278.460582774
2596574.301733648 1094248.8392946674
2596576.7285311534 1094243.8799301465
2596578.062174825 1094241.154449641
2596578.7065149928 1094236.827294932
2596584.2084373883 1094230.6375151444
2596586.7894657617 1094228.813011762
2596596.9630834395 1094221.6209984417
2596615.367372713 1094208.610674343
2596620.5933065605 1094202.966490733
2596635.2105418285 1094187.179436589
2596643.941394408 1094171.304540779
2596651.878740331 1094162.573267566
2596651.8640403086 1094162.5438680623
2596649.3964364096 1094157.6087508826
2596646.322431552 1094151.4609540687
2596646.0971059743 1094148.6825893708
2596645.973591942 1094147.1586087353
2596645.5732464897 1094142.2216714553
2596658.049053405 1094101.389836589
2596661.475656912 1094098.8380336454
2596662.542226876 1094098.0437327288
2596668.319664185 1094093.7412277665
2596725.411256491 1094051.2250787148
2596727.6740927706 1094049.539876773
2596729.367745078 1094048.2785753184
2596729.288745525 1094048.1732773455
2596728.164851868 1094046.6748061366
2596730.45728873 1094045.0987026112
2596747.919214292 1094024.461278568
2596756.650166867 1094008.586282761
2596754.240321715 1093999.9513091117
2596760.904080234 1093980.792172559
2596766.1432117573 1093965.729101061
2596772.543698219 1093948.6604421572
2596776.2272736537 1093943.9944619047
2596780.726121522 1093938.2956860247
2596795.191832348 1093919.9718635797
2596812.6032453286 1093907.3087450094
2596825.4080871604 1093897.9958313548
2596842.1344165653 1093876.3493264995
2596843.300176798 1093874.8406331297
2596854.3928983854 1093860.4848962324
2596861.3902596813 1093851.4292360337
2596862.350025953 1093850.0962425785
2596865.1344281067 1093846.2289615537
2596889.701264816 1093812.107229045
2596899.4890208705 1093798.5127957787
2596905.452959692 1093794.6957832144
2596909.022163232 1093792.4114756926
2596914.2955207145 1093789.0363645854
2596922.5563974613 1093783.749247183
2596926.208298765 1093781.4119394918
2596952.404390801 1093764.6458843122
2596971.4538246035 1093747.7125006772
2596988.38633397 1093696.9128412134
2597000.3306537867 1093683.9727791492
2597005.502989156 1093678.3691955868
2597010.613426492 1093672.832711825
2597013.785525528 1093669.3962219004
2597027.342598351 1093664.466053825
2597040.1016862467 1093659.8261274828
2597046.0099269478 1093657.677576371
2597106.919546547 1093635.5272184797
2597120.776570321 1093633.0074333746
2597123.3850936205 1093632.5330608785
2597123.574995317 1093632.4985555997
2597125.126609178 1093632.2164124774
2597135.50940192 1093630.3283239286
2597166.87098205 1093624.625452343
2597176.7703704755 1093622.825277218
2597186.0346130887 1093546.3892301929
2597201.807131669 1093514.843841129
2597202.681339394 1093514.67731692
2597233.686876266 1093541.0631651944
2597244.7994982307 1093541.0628317457
2597253.0844087494 1093533.907570295
2597260.966682608 1093532.7813475002
2597276.4780056835 1093537.4811248237
2597336.009821195 1093516.3128963148
2597336.690110314 1093514.680295785
2597339.5011653407 1093507.9335936091
2597340.215470111 1093507.6604755025
2597354.571265986 1093502.1711116
2597393.2840095987 1093486.039946441
2597405.85596043 1093487.1824552868
2597406.12496366 1093487.206946917
2597412.850984567 1093482.4986024396
2597416.9335972583 1093479.6406147457
2597419.35420478 1093477.946162754
2597418.578138117 1093472.7724490513
2597418.265411253 1093470.6878838213
2597424.6442239136 1093465.5847545736
2597426.5384276733 1093464.069316191
2597434.3620782653 1093452.0327280324
2597438.7778503825 1093445.239278274
2597445.7263065027 1093434.5491999807
2597448.323590101 1093430.553270707
2597449.471782849 1093428.7868577698
2597454.0550539074 1093421.7356061195
2597456.133940988 1093418.5559824728
2597458.213228072 1093415.3759588113
2597490.0382303307 1093366.7017966895
2597507.069208058 1093339.1899207358
2597507.3691059034 1093338.705417643
2597508.5182976527 1093336.8490057678
2597509.7721886486 1093334.823392816
2597517.554732774 1093322.2514124126
2597528.2150326204 1093302.9294278717
2597530.5445107347 1093298.707109397
2597536.1469581 1093288.552664962
2597577.893407096 1093287.7328222897
2597582.3306696536 1093288.965274137
2597629.698840072 1093311.2540813268
2597640.4708873862 1093296.046243319
2597658.4467836698 1093287.0579134068
2597681.399446146 1093296.893804887
2597701.137268764 1093315.220589417
2597723.627230477 1093316.542898471
2597724.0552197783 1093315.1731023174
2597732.531453636 1093318.8054037343
2597762.165012361 1093303.9879950103
2597770.283224631 1093297.1514346788
2597771.136025921 1093296.4333178357
2597771.6826267466 1093295.97300704
2597773.0167287635 1093294.8494806984
2597802.3817731477 1093270.1205007466
2597810.1598689123 1093262.1477644602
2597816.857765269 1093255.282347099
2597887.048527072 1093183.3355172165
2597917.7410244583 1093146.2922673004
2597917.3210955374 1093141.9261976555
2597964.2303097337 1093102.2328369815
2597972.8248459 1093094.9603907568
2597975.946013773 1093092.3193466
2597975.9459951897 1093091.7212640648
2597975.945971499 1093090.958786335
2597975.945909164 1093088.95254492
2597975.9454840347 1093075.2698444796
2597975.945468394 1093074.7664591796
2597975.945452965 1093074.2698736787
2597975.945286798 1093068.921829849
2597975.9451818103 1093065.54282852
2597986.7180742626 1093054.769569673
2597987.392742476 1093054.0948847758
2597988.207204105 1093053.2804030103
2597987.9046492293 1093048.1396551908
2597987.677132748 1093044.273369644
2597986.88362658 1093030.791468748
2597975.9438516214 1093022.7309787003
2597975.943712022 1093018.2380099024
2597971.1036987035 1093005.6552103283
2597980.100742402 1092992.3960361914
2597981.373263716 1092990.520582276
2597983.7688155905 1092986.9900690466
2597985.187327884 1092984.8996204212
2597990.8506777068 1092976.5533255355
2597986.243203898 1092975.017601793
2597984.4482141025 1092974.4192315005
2597983.457619733 1092974.0890478943
2597981.273232152 1092973.3609840486
2597974.975667952 1092971.261888276
2597977.5427342816 1092961.8482456715
2597977.894388576 1092960.5587809277
2597978.9439521586 1092956.710186152
2597976.273374256 1092956.042623854
2597976.085275814 1092955.9956265113
2597957.777427292 1092951.4187849658
2597950.2415481773 1092951.4188363366
2597945.214122725 1092938.3488522705
2597943.0378818503 1092932.691232317
2597945.732343064 1092907.0866616447
2597946.2774733463 1092901.9059092114
2597946.442322041 1092900.3397538194
2597946.776617973 1092897.1630443074
2597947.192388548 1092893.212156844
2597947.191854212 1092876.014659039
2597939.84057887 1092869.7945907903
2597936.6003456647 1092867.0529929367
2597929.99377796 1092861.4631012103
2597928.752679999 1092860.8880264612
2597917.270098868 1092855.567060117
2597916.5033001285 1092855.2116757233
2597906.180367969 1092823.099783811
2597904.3201377536 1092814.7300408967
2597900.8881130046 1092799.2879152277
2597900.299435577 1092796.4920008874
2597896.427526347 1092778.103764246
2597895.59571694 1092774.1531852763
2597885.011911277 1092755.6329982495
2597883.6888177027 1092755.1567211756
2597883.418019016 1092755.0592258682
2597883.3453043634 1092754.5500412276
2597879.7194741084 1092729.1754069277
2597863.8443177384 1092715.9467014468
2597853.260406559 1092690.8120075655
2597842.676559791 1092670.9688591673
2597835.2215021723 1092668.4839825514
2597829.566634322 1092666.599176139
2597828.704239221 1092666.311690412
2597827.768206192 1092664.7653419524
2597805.7270832174 1092636.5544160046
2597796.562454151 1092608.35840185
2597792.4041233524 1092595.5650037816
2597791.2343164617 1092594.739335867
2597779.406646796 1092586.390760288
2597770.1752924253 1092579.87491349
2597770.8340849257 1092570.3183880574
2597771.5464524087 1092559.984284979
2597771.560046078 1092559.7875906343
2597772.3022996243 1092549.0204999826
2597772.404152077 1092547.5428424436
2597772.5590797723 1092545.2957070083
2597770.827167908 1092544.019656075
2597768.8084540744 1092542.5322132723
2597753.715550655 1092531.411640898
2597747.730109644 1092527.0015104814
2597747.423407543 1092526.7755191724
2597733.031079464 1092508.78604261
2597732.451466252 1092508.0615677144
2597731.5480456594 1092506.932406848
2597730.1582634537 1092506.7876205442
2597729.5225715963 1092506.721426817
2597728.0768901072 1092506.5708410682
2597726.11901518 1092506.3669603642
2597723.4476552736 1092503.0597751513
2597715.581078865 1092493.320813169
2597679.5976642054 1092474.2715147447
2597676.1674773693 1092476.1425834857
2597667.623068148 1092471.4345792138
2597664.9484823854 1092467.293518372
2597663.221627013 1092464.6198082212
2597661.723378971 1092462.3000861746
2597660.0911266315 1092459.7729710962
2597659.350002869 1092458.6255096565
2597656.6094149905 1092454.3822522468
2597656.293804872 1092453.8936686656
2597651.12553915 1092445.8917375638
2597651.088137951 1092445.8338395087
2597650.8559305035 1092445.4742515965
2597650.0467813746 1092443.4754154787
2597641.676573172 1092422.797876359
2597626.859190152 1092393.1654426772
2597623.6835834435 1092371.9993824086
2597605.691876115 1092362.474783189
2597585.583305445 1092346.600283832
2597579.0062025418 1092352.7664486037
2597569.254070633 1092346.7045921
2597578.1747941133 1092339.1922506562
2597564.4165504053 1092333.90079897
2597539.0163317416 1092316.968066583
2597525.2576605678 1092297.918716644
2597503.032752678 1092292.6273226708
2597477.6326997764 1092277.8112284767
2597470.2261939403 1092273.7995961115
2597450.3639592845 1092255.9928515004
2597438.552626604 1092258.4983588536
2597423.6919817687 1092252.6015323545
2597401.432406848 1092235.4795840855
2597391.9073623465 1092229.129834435
2597366.5076040374 1092227.0133693956
2597348.4340563584 1092229.0216339568
2597347.4587753727 1092229.130037444
2597346.832582176 1092229.0256447566
2597343.131188978 1092227.3336193997
2597314.64964133 1092214.3140937486
2597287.662352289 1092207.1706863232
2597268.6123112645 1092199.233547964
2597251.1500420664 1092197.6462133569
2597236.8625739627 1092191.2964961794
2597231.305968509 1092178.596904901
2597211.7483822443 1092178.5970382192
2597205.906258524 1092178.5970930168
2597201.58799348 1092177.026941717
2597197.1749270065 1092175.4223936803
2597186.062046331 1092152.4042074855
2597158.2802967997 1092148.4362894385
2597141.6114049274 1092147.643099269
2597157.4867397463 1092161.929948901
2597169.3933845325 1092180.9793596158
2597172.9828390544 1092182.3253355178
2597188.443673908 1092188.122500986
2597189.100083151 1092188.3035790878
2597195.0077663087 1092189.933081977
2597211.462797928 1092194.4717329412
2597228.1318086097 1092203.996184844
2597230.0777469235 1092206.2339062365
2597237.318789488 1092214.5607137142
2597240.075043754 1092217.7302023713
2597244.0071211704 1092222.251843531
2597255.119615544 1092227.80790553
2597262.2531271847 1092228.6470323976
2597262.469524503 1092228.6725301757
2597266.4023757908 1092229.1351898538
2597268.112854605 1092229.3363723208
2597285.22564264 1092231.3494968738
2597285.6043512765 1092231.8228804723
2597289.0707302936 1092236.1556303129
2597283.0879121623 1092242.138596391
2597268.613988254 1092253.2070718475
2597244.80915541 1092264.8934746394
2597238.2407200458 1092259.2638402951
2597235.1055554342 1092256.5767670963
2597236.863729817 1092243.6829713834
2597218.607042099 1092227.014922207
2597207.638721713 1092227.0152513187
2597189.278521789 1092209.3624172425
2597188.5285054534 1092208.6413485294
2597175.1866554115 1092217.2185444057
2597173.711849882 1092218.1666771113
2597173.7693682667 1092219.746556142
2597173.806280088 1092220.7620426696
2597173.8861056254 1092222.9564135498
2597174.117779755 1092229.3257290192
2597173.0342893503 1092231.2378382422
2597168.503329486 1092239.2337768134
2597164.63156378 1092246.066409769
2597162.011898118 1092251.6800200022
2597161.8782998696 1092251.966320525
2597153.519109441 1092269.8789531875
2597146.2129827663 1092283.5384060508
2597140.908436008 1092293.4557444283
2597136.798677256 1092301.1393741616
2597128.566864003 1092307.999437624
2597127.1455617133 1092309.183865846
2597113.165266923 1092305.5053301402
2597105.3423579256 1092303.4469899477
2597103.86152553 1092275.318276974
2597129.2615712658 1092245.6844757437
2597143.019784381 1092224.5176207144
2597144.2614467754 1092202.163855718
2597146.1941769174 1092167.3680215192
2597131.377397555 1092174.7767758784
2597120.794338235 1092206.5267067356
2597088.468563937 1092249.2807559848
2597087.986065816 1092249.9189626956
2597077.5638425406 1092266.923868311
2597063.824296344 1092276.23156722
2597048.743267945 1092315.1253460362
2597042.0959502463 1092337.83756887
2597039.2185291606 1092347.6691354744
2597040.815661556 1092357.8895630674
2597038.6527311546 1092357.296535191
2597036.192014773 1092367.139589144
2597033.946806981 1092376.1205367434
2597024.1378171984 1092386.562707782
2597027.0798696624 1092396.8595564433
2597015.112870272 1092411.6427967662
2597010.009341117 1092417.9472713133
2597007.0252410127 1092421.6336564342
2597004.492381447 1092420.668792577
2597000.7256415724 1092419.2338463436
2596997.675390265 1092418.0718898776
2596992.6793700145 1092416.168661183
2596992.343369204 1092415.4708727691
2596986.8324559 1092404.0253627943
2596988.0914191334 1092384.508683106
2596991.150058249 1092375.332262681
2596985.8583068848 1092360.7802875938
2596948.817394063 1092364.7494008294
2596941.453828705 1092363.5221871268
2596940.373548457 1092363.3420997837
2596940.1919517764 1092363.3118019137
2596935.2706417623 1092362.4916595866
2596931.192616328 1092361.8120073795
2596929.697743662 1092361.5629248964
2596929.1867530053 1092361.4777308858
2596929.150849575 1092361.0946358002
2596929.042839269 1092359.9431505727
2596928.6270995727 1092355.5088074624
2596928.5373910023 1092354.5518197354
2596928.379075883 1092352.8630414
2596927.6410054155 1092344.991042395
2596925.697619867 1092324.2639082973
2596914.756429522 1092323.326125964
2596908.6969332546 1092321.6647047417
2596904.197610284 1092320.4310632334
2596894.902769406 1092317.8825840757
2596893.722889608 1092317.5590994132
2596893.642390982 1092317.5370004587
2596893.559092411 1092317.5142015389
2596892.7100069453 1092317.2814125796
2596890.939537254 1092316.7959356
2596889.4209632534 1092316.3795553397
2596852.3735974883 1092306.2217369736
2596834.1705608284 1092269.088156645
2596837.4049301366 1092263.0234974346
2596838.402389829 1092261.153210007
2596833.8987770583 1092260.8530574206
2596824.3118627407 1092260.2140583512
2596816.526847767 1092253.6268126164
2596814.6513346443 1092248.938086745
2596809.470898389 1092235.987291491
2596809.452998266 1092235.9424922017
2596808.5892922203 1092233.7833263348
2596808.778681944 1092233.1859316118
2596809.470144418 1092231.0050508708
2596810.17890596 1092228.76967061
2596811.726721966 1092223.8880137145
2596825.786359006 1092179.5441052893
2596799.1420247555 1092219.2694912432
2596796.802409556 1092222.7577724452
2596795.2190669463 1092225.118559725
2596794.1031073947 1092226.7823507632
2596792.714557725 1092228.8526396009
2596792.6021598373 1092228.8390408552
2596792.174967857 1092228.7872456352
2596779.2250110228 1092227.217690383
2596745.541643504 1092223.1351668802
2596737.152812069 1092204.6801684476
2596709.371658008 1092208.648945961
2596694.8184663155 1092187.4822705188
2596678.9428689694 1092179.544786051
2596666.43860305 1092165.1176043516
2596668.4467626032 1092159.4939073084
2596668.8823104594 1092158.2743079516
2596670.125761583 1092154.7923097787
2596662.587851316 1092153.7737151089
2596658.431890525 1092153.2121180503
2596648.749948893 1092151.9037249046
2596646.2657385184 1092145.580931107
2596645.5187451965 1092143.679832972
2596643.6686420315 1092143.9519338957
2596627.339014074 1092146.3533420218
2596617.687476761 1092127.655361763
2596617.415950391 1092127.1293623247
2596619.0085466797 1092124.5696632604
2596619.9913826734 1092122.989963834
2596620.4114553197 1092122.314864081
2596621.083911532 1092121.2341644694
2596621.1656062123 1092121.1028645197
2596622.0896460363 1092119.617665063
2596628.8482058914 1092108.7547690307
2596600.482205859 1092094.3233969673
2596590.397526481 1092074.7863175943
2596619.5379662383 1092061.5405097425
2596600.445854573 1092025.4811481058
2596611.381271383 1092015.0921491804
2596607.608597262 1091970.4728846054
2596630.116632553 1091958.3528799426
2596734.6270043044 1091919.9877833098
2596720.074321512 1091898.820822673
2596701.8339802707 1091904.4269101904
2596691.5465409965 1091892.8537696323
2596674.8778658137 1091905.55394726
2596673.2910626545 1091906.0617551398
2596669.3816548795 1091907.3127745327
2596657.5572313545 1091911.0966331956
2596640.1687967624 1091916.6611194606
2596635.190286856 1091918.2542441594
2596616.3150545536 1091929.2020010543
2596610.782474397 1091932.410947043
2596582.058809452 1091941.2389848563
2596574.727792876 1091943.4921200306
2596572.4309588755 1091938.1919536411
2596565.697866051 1091922.654959019
2596569.2748420974 1091920.0616225975
2596593.104282519 1091902.784879988
2596598.166787736 1091896.2756918562
2596647.3129220363 1091886.9144300795
2596700.229806762 1091873.6851153062
2596700.927204746 1091873.3032097977
2596706.6276851 1091879.3597830895
2596726.915929575 1091859.071004616
2596754.376157305 1091844.033391466
2596761.396413136 1091842.0534962527
2596762.983786456 1091830.9412193282
2596762.7316913707 1091823.886648791
2596762.189686903 1091808.716527181
2596745.5207551336 1091813.4787772405
2596745.004852768 1091813.7573670477
2596713.198406985 1091830.932138919
2596692.2913864474 1091832.6742045314
2596682.070433996 1091822.453596952
2596674.591333328 1091798.4432736584
2596672.47812012 1091791.6592800922
2596667.715305486 1091771.8159051142
2596643.9131857203 1091799.1624640722
2596639.128101848 1091804.6600150997
2596623.92583614 1091813.1729091888
2596622.175639016 1091814.1530133046
2596620.730088674 1091812.38629305
2596616.1378051243 1091815.065130108
2596601.056201381 1091807.127540417
2596601.332586044 1091806.2983295058
2596604.9377840967 1091795.4829566274
2596605.505668453 1091793.7792939611
2596593.5920396154 1091779.2187511907
2596592.072197666 1091777.3612712445
2596586.4558426435 1091770.4970453626
2596578.266535825 1091769.615082798
2596577.242885137 1091766.646728426
2596577.175584253 1091766.6389279144
2596558.544539142 1091764.4723885749
2596556.3573103687 1091764.2180722177
2596547.9701000266 1091763.2427094888
2596543.111136102 1091762.6776731515
2596518.504487541 1091757.91502466
2596505.1607511016 1091759.3574688872
2596504.4768441096 1091759.4313609062
2596504.0378396185 1091759.4788557785
2596498.4478824628 1091760.083090519
2596489.13538724 1091761.0896818042
2596487.2061130544 1091770.736666633
2596486.485083992 1091774.3420137025
2596479.298364873 1091781.0797065606
2596449.95474444 1091782.9137547417
2596443.587596612 1091783.311665201
2596436.9646468568 1091783.725576075
2596409.6086949687 1091792.5979133188
2596402.9408823247 1091794.7605467676
2596394.426066174 1091797.522189482
2596391.196460046 1091798.5696056874
2596387.949495285 1091796.8901867552
2596387.068277708 1091796.4343816207
2596384.440425295 1091795.0751662997
2596380.730351293 1091793.15614467
2596374.159520238 1091789.7575063636
2596372.298183111 1091788.7947955122
2596370.646550168 1091787.940485881
2596370.525442222 1091787.6198818502
2596364.781165284 1091772.415390687
2596364.404240545 1091771.4175781398
2596363.1135558533 1091768.0013351948
2596361.557153721 1091763.881583391
2596361.117977633 1091760.515140372
2596361.116177321 1091760.501340201
2596357.587666011 1091733.4540945396
2596353.2262271848 1091728.7812379585
2596349.91892191 1091725.2376950558
2596342.362105164 1091717.1413866528
2596339.0663206824 1091713.610220858
2596350.5605369424 1091704.6149999858
2596369.493463723 1091689.7984597648
2596414.473235316 1091685.8301681506
2596420.6724055493 1091685.684330716
2596412.9335643263 1091704.733699862
2596421.665059249 1091711.877350589
2596451.2064913544 1091688.017681836
2596469.29037132 1091685.6845000263
2596471.9828868858 1091684.4775485888
2596524.5808828096 1091683.2405794489
2596524.85358681 1091683.3038808946
2596535.9661020776 1091674.5728514025
2596535.1720817923 1091650.760788933
2596520.090388549 1091634.0921549853
2596503.740273656 1091639.8623892744
2596492.882003283 1091636.492647461
2596476.4332731427 1091618.2170303632
2596464.5269864257 1091622.1855412344
2596440.713964157 1091611.073019131
2596425.0731496406 1091608.5846146718
2596393.305010226 1091587.9357940636
2596336.418592708 1091576.029167542
2596321.866582571 1091595.8724560745
2596310.6495286534 1091586.4268243886
2596316.0929851485 1091570.591273008
2596301.805256668 1091565.82862413
2596296.179406681 1091574.6692045382
2596261.518473142 1091572.3581131622
2596251.004503286 1091561.065722795
2596239.8918532296 1091559.4781452008
2596220.859712689 1091565.6743456384
2596212.06259004 1091564.121889742
2596173.6973571754 1091557.5070430746
2596141.8339715167 1091556.3688567723
2596099.6130604874 1091554.8605774085
2596084.544468265 1091545.9137992228
2596080.704593799 1091543.633904785
2596057.2787395087 1091529.7251386945
2596056.8682722715 1091532.598780996
2596053.310356217 1091557.5058809875
2596065.8358431333 1091598.9337273513
2596067.0782112605 1091603.0426625218
2596068.5116898734 1091607.783687722
2596068.9291127664 1091609.164465937
2596069.0217178487 1091609.470861106
2596069.871264438 1091612.280616771
2596070.075075612 1091612.9547061347
2596070.509199422 1091614.390583481
2596062.3178324965 1091624.2199206369
2596057.280094463 1091630.265315791
2596048.277756019 1091615.5620469805
2596034.2401931747 1091592.6349401209
2596033.098555535 1091590.770363961
2596031.564204941 1091588.264396001
2596030.732477522 1091586.9060133686
2596029.827647687 1091585.4281322632
2596028.602907305 1091583.4278578465
2596021.604576557 1091571.9977039848
2596017.5912442324 1091565.442987795
2596014.552232327 1091567.2387248878
2596008.94411035 1091570.5524087946
2596004.390892509 1091573.2428145402
2596003.7640900523 1091573.6132015677
2596002.867186536 1091574.1431830022
2596002.6615857338 1091574.26467874
2596000.535877403 1091575.5207347372
2595988.486830186 1091582.6402853231
2595988.265326083 1091582.5233853697
2595985.7974091405 1091575.769387821
2595983.6171058244 1091569.802678333
2595982.78256628 1091567.518812976
2595981.497505385 1091564.0018663248
2595981.187390691 1091563.1532791948
2595980.955979729 1091562.5200887958
2595976.363062093 1091549.9507794594
2595974.2449137303 1091548.1352929596
2595959.693881483 1091535.6633856692
2595938.262587611 1091547.5692561958
2595933.8544919067 1091551.8252340734
2595915.243810048 1091569.7936184844
2595907.7873495426 1091577.9715668464
2595890.6378011336 1091596.7813236315
2595890.5803154195 1091597.471232572
2595889.267226181 1091598.5149471266
2595887.2007982987 1091602.7306031887
2595886.472323725 1091604.2167229506
2595885.6454525827 1091605.9036453918
2595880.2320415126 1091616.9474922551
2595871.196356868 1091635.3812374007
2595866.2135307738 1091645.546672591
2595856.195380416 1091665.9847443968
2595852.983298377 1091672.8108350686
2595845.6124690627 1091688.4746431208
